$ANSIBLE_VAULT;1.1;AES256
39643432633566323566636634316239636637313538613562336334323535383964616335383233
6632316262373430396161346332616233323537373430360a323263383139626236653132303734
38313935353662333636366233643335626138653130346366383831346533613136303137343239
3032653138626265360a613866616231323465386131376439393635313663323266363532363531
61383164383835656566323961323139303631373039356535376664663735643039653035393032
30353837396662333439363565303361373634306236313634326434393333626566643266633933
37613239316539383031393035313633633062323438393330353263396235653636343365366236
39333766343530343534616532653932383036336164313336363862333362613439303838363639
37653263653537326138313431623332316632373861633432306331343436643264326366636433
36633537313734333934626232666261326264356339323131653835303436323063623333376331
34346638373038623032623762373064343534353965396133343036323834306265323530613337
34656630393264386534386439653139623130303930396532643362336138643464363161373663
63393166306635333361363932303336363763333862633638376461343364613739343332393066
62653063383361396335323134656238303336623033353836366632346266613236393463373333
30393738663964663331396465643037336636376234343030386164623230336334366266333666
37323834383334613533366330393461343861376239373232326338613031303730333031353232
61623665336264666463313235643539353337616532323631316632623766663764663564386164
65643466393638623861633866643066386138633536333964303536346637323331353132663930
61643939353962626430326331373761643861336166653435633761643837663037643733363863
34326136616162313137346339623566633635323239633866386664363138636164643465363961
3732
