$ANSIBLE_VAULT;1.1;AES256
35396330346533356463656164363438363430373333336531643663376632343361646239386532
3361366135656630333235353335363165616436616132360a363666326637386261636430396362
33346231646233373664383235623230333530303962666664343964383564616437663966653164
3636386134326437650a643036373730346137346365623964643636393633636435353839613230
64656563623833616361386462623437666666333837353835653031666230366565306432653332
64313635623262656536346230633938646539643337386137313634653361343839616537323830
38393463346334633830623232373236613836323132356532616139636131393637383061326434
39323032343762303363623433613865353431663264336339356162353862363735346563373062
65613133343330356264373131376163333466613537353730353734366166336332376336663137
66316432623963316435626461313866313335376437613431616631383734393036346536303662
65663732633531393031653961623437316432626661356464363463393936366165646337306661
37326535373262666137643435373431623938343235393033643333386437363131663138633661
36346639386561383937323963396162623162356262333136636666666339613861393436633831
62376265343038383864373164363362663733636631653433353261383737333338656232616137
38613839346136393631373136316539393735373562646338303661366131613539363334343864
33623065303934626365356533623730616134393437633032343838326364623034303464316439
35616466393562396633373031363562333966376565353930343561666133613663316635303861
38383336613566393639393835336365343032643430663339303633306330623030323863643366
64653063343932316139323031346263613564383261663737646564326262386133336136643530
37643739623030343866383263633862353162393736616633616233386634326439373164376564
30303362626665343930383964343239663535356438363866656465666638313162623463343833
34326262316132663033633539336366313339316164366164333934343563366331653662356165
65616530383439313738616334636462636464653939623463316663373361336634366530636531
39326563396330613731343436383735646364316639383165396366306330316239643539346533
32646630666638636238616338653835396332356639313732613733323733323431386232663662
62623531643934303131306463363465346164666334306130336133666137653563653366376433
32316636313662393339616165396137386231643563356336643639336138393738363531356466
32653632663430653133313132653333626439363561343665343565353639643336343939376466
62643730366164373163613732653463646533313031633933336561633336356364343064393137
35383461343864383261386262333935636236386338323333333934663865373733663062643161
31626330303165343930306461393836303733373964663730616331303937383864653465373831
32333466666237353834386366373035383162346638343536643464306232653833626431336261
32303463343463303235323061626261306365616630323533336461356265393361356266653366
63303162636136336138356233353266383836386363333433323434343833623833363530653363
36646164633062313036663135356430316533363531363736626534366166633165393634313665
38633065623662356635643931653035326166353231393130356663386331653461396236313064
62396233313839303139393064366265656162393963656265353061336336616665653932313233
34653761303364346562353233663665656465656361353662316263666261386333336566653934
63633632643464383639663962346634353762633939363566393139373662376137343662303234
36303332653332303165346636626264616332616466613731663233366330313963646162653037
33356333383830653039396334653237316661663065333535626662386631393866333831373966
31366333306264396464636437363131326437353330333463376533633864643262666334626364
34626461343139313664633063393338613462366163313264353237653863343139383831323064
63393161313931323135363138393733623234616231336362386166386361386138363135646439
33613631616139316363366632373032336636373264386334633134363839376335643332343235
61643161623530376365353537363633313162316361623266623762613363386138366139303633
36313562373261396435326133356665326334656538666661633038356535393362623231333331
64666131663131626633373066343733323332633733623136396436393731396639353865356137
30613935386332326330373562303663326432633165663064343464316336616165646433313363
61663639313332383839373763633436343235633962303034643138303337616663623132383734
64383130346634626232303639356363303335653063396330356338653463343438346164646437
36643762653832376534623532333263636337306465613833333966383561373332626536663263
36613562346464326336313537366265313566626236653163666330373763313462306135306265
30306135343465373532393339636234306565333938326466393464646632393066383039356434
61353432393237356462663432343437666633306231343537343564643735333566323637343661
32393230653165383665313732623231666237343436636261363564393139393235643835353630
36346231353335616137323834303766313838306138386638343337613263633261333937633330
33303665323032613934643133623237303936326531626435393430363531666233363131353461
64616662383461666664393563383261356337373463366434306138316463376261376532376363
66326637356536633530613563346564366637386637353130343864326333373465313437666339
34623139643061316532616433666464313232353863653462663064663864336433343733623738
61653863383436663834366165366532303237386335656637396636663866663338323935373537
63643235356163393438663932666131303337323335303565643663373365316333653533356537
31353963303363353238623938363433323538653833313435386634393033346566306134383537
38336262356437393633623636313332333930643539643631363266333430396161313330646239
62623635366664383138656563303038383135666332386161333132326330353961343163613065
61396565643736363237656339363461626536313864383437623063373036633731313736333134
32646632363731653039383931656362323833326438373665393733323234376563323964653466
39313831666635313833636631376239313838613137336339373631653664353535346235653937
38363566633032333461373962643863646566386130616439326431646364636466653338626534
34323433316338313666316339613033303133393735386461613239343834363661616264643062
63306639333937633136636539333634373636653366303639653561343063366562326437333836
35363966643732636338303533326530326666643665393365373337636164373235353430613361
62643965633664366539373734643433303761393166643532396530316462346166343364383031
31326466323537393437353335653538646635346562383961363438346261316631666236613366
30326430636665313233326239343566643534663433663866346433343463383933613764643035
64333139346262613361313532316534623066643235356636323537313864613238363333303264
34346263316433306536666363643933656565363966656563623662643832653864346135366339
36623661633066306330316662626136646530323232306263383965353365313363343061316661
63396132663261613066656336373566323832386363393866363033373466653733343563623530
65396134626233643431353732653063393733393536373432663932623766303138353662626531
65336338613638306334656336343836326437393863383761363631323130373339343131636662
32353130313434623066316139656236653565393366316365326439333661386536646461363834
33653537663866316139376261616130376335366463396662636565666238386366356432623137
66316463386333633065646232633337373732666435616464623036626563333137383237373164
64363430363732393361386266636632653161336261663735363263383435326163303838326632
38373065303038653666356133313665393561333132316164646466353332373336663933623636
63333735363039316538393735623531346363653266373432626663356639306663313037303032
35323038663633643033633465376339333530333834623835313832663138373839663138656135
63616238343164393033626634666630636363306139666239313566313032633934653332653532
35623666316135666363373837336164343162376630643566363436626466613630613432323833
35346134363536363732376330656438393162363230313336393261346439346237346534623138
34623561306465326264356134616137313331346138363562633966343239363731633137323534
61303532653335643930303738653363323263363866333433323661393231306536303237653937
37613362373733303563623338373936633030393263643163353763386437333939653232316439
65626436343734383334623431626339373265353231333935363263336464633366653761306435
63633064623532316436636534366339316361356462393933353736333839666136363961616164
36356231643062643538396437393865646164363265353431393931663034623433646530316461
34366534373039353066653936646137303139303066363637353061366465663637353937356135
38366135633236633637386638333236343333363638306334303531613335316133616131383665
33613637316133383735386238353938333461643437343364373165336436383336646232303035
34333532306238656539643631356337373065653463396337656634653131616361323963623662
35663437386236306366343662613666663238313463336165613137373938306539333431663738
33633231303031343733373435356538343762333433333439373537363239633764306635343166
64623036396531343430306236623161373036613165626238353539636137626332356566356438
65343131653862366661343030643766366535346562643535396530623134316463306237623639
66303935373538313962343531376437643230343762653037366265626163616238333137333636
39653865356237346539643864386663316433653335653639613231396666343165643534636233
38383933313061363533663166343037303738353636366564336262393464616634313566383130
36633333356636666137663532326233633162623563393663663236333133363465303639623439
61353839383336336432663537616637633564373761306664376231346535633439623466636666
30316339323864346562396661313163393234316236366137653131373034333764333530343666
35333332396431643463396564386437306264373361636337373238386531303465633165353230
61306131313633663231383236663036623330616432316431383563616131666465623831373938
33376664663266313630306435353539333663343835313364343637366530363932623961616262
31306139366664323930643266376136313562393835613139356465323062643436336636353133
32363531396466356137306362353835323238393033633638343636663439323636636465373164
36353132626131643436663532663765316334353261666462366234623265656464663730356536
36623864613434303961643133303335333835316336356537653837386539353238643636353731
64383335353166616465323962356466663061373234313262316662613964613238306538376237
65666231336364343732333862383164653136396163323762653565306338643066613263633837
33383034333566313061613432353234653935336462346238393938343163646338336366663161
39326533316638633339343761316236396435623630643638343237303230343039313063643433
33623030363635323061303132303938636563643436623238663361623365313634366335363032
34643664333532666135653865396161343065643937656332383831343361653933396135656632
38626435366665313662646239356436623738343838666534346164323864343030336637383738
38643332663132373439363138643032643264356666303432306538653238643762353734363231
66623666366162623231616564666435373234643864356535303931396233666635666538323566
34666664316439376237393831626635633961646236626635343239666463343330353131336362
36313865663661306463343834643430353764353332313161323830313065616630623830613962
66386531323562303837323134666236326336383438396562396533663535613663653264363035
31333666356564333262666337386131306430663833616437666135663531643835613236376137
36396439663835616432633834336462383361386232366136303262623338396666386630626630
39386532633230663664336333393864393861623135303537326638613738353666346661646266
39633637663430323330623334666633326337653933333863383065333032313762323536353637
64316333303239373965313163316465326537383631306431393539633338326665663035363731
38393833363631626238356234643861323763613061313866353161613137346231623138353733
62353761656664343463323930613764666234383766656438326638326532346331333130306666
33323237653335636465666536323830636164363463366333343834666361663964393931646233
39373635363031336539636331376138336432616234313166303334343566303761363138373837
33616432396566653161303862363237656538633963353435653039343137616139636635653635
65616536343762663334333461373231363963326362663931373965313239626238643730386136
35626365666465643539303633656163666632386530613562396334343935623736333036653635
30366235336163343037366466623462386137663066306436353133316637653039353837613462
61333862653735666665613530633865656265303262303936613132346663306535333132396532
37326636336230656434303464313635376134386665626537303734313338646162663966363031
62346139393663393761303965373336393466313735393138303336333962623837336130623833
61373665393233623663666532653933373164343566383332396336393931393931396561393932
62623733386130666636313437393463353639313662386234323363663836653038393034343133
30303466663361656235613432613036353564623432626133633537303462646535323335346333
64663439376538393230363335656336316139363538303031396137356635376135323437393563
62333164336463393931393066336362633963326266363837323239613164636633333163363565
65373062376364333538646665656464366337626636323932613662383662393537326161626635
62363730313165663231313234613334303538396434623639396534346230363764323533633231
38393135336131323439393032346133323866346334376566383236303938636564653662653035
34363966376632653165376334396562663233393165316537383738376264663262613364343437
65376162326536363637653231336434643566663363613963643862356333653336323632333662
31623963653839356265613335613463316136356133336639346530336133313034313565303261
66613964343765653439633561326139313536656538383638633131633964333739363064356262
35656437326362326537636233326635643863666563656238343662623134663662333464393437
66653763376233346265346537373666303339313263333632333830363238326664333866306261
31386364623930613432383035353034626132363434633666393430613030663231363733373035
34356430356137633930396630656537336161383131383933616235316333646261333432356337
34313861363536643435643434313632646439616133653137353836393032636338343262613064
33323763346466626634386436666535366263383830656266343463636237346437303532623363
35376330333236313131303263643633313337653534373334356234326633323535616462623530
61363335363232326437383036396131343131323630616464616639633163663437376436363966
35653233353062363161366162343530656565636565616661383665653035363930653164663138
33656438323565323063373935656636666533353330363936383737313466646464613735666430
31613564663266643764336161626661383063363638613336643336333264396437613836663730
61613931323037663166613834323664393365343737396165613036396332353565666232623437
32613665356338643732623764346237376263366164376234623139333261313766633239323639
66633532346331303435363865653331333134623637633930316266393161623131646662353133
38623335663330346561356634656461393435643565626434356165376431383932386565343862
39313335373839366331346563643065616162653638643562333633623931353334663838633966
62373233636431623339613935626662396264323934613266376263326165623138353635656233
38396462376162633861633035653764363965386237633363343762306430333835646165616266
35353665346239353963323337353362323830303030663365376337663735316663393562636137
61323766306533623164313364323434376661303830306436616135643437396635636435666238
34613263346236306137643834646463346564323130383964623465373963613463346334383036
62663038613363613166643632343137633831323733353337653633363831353638393237353530
35353665396536636666366335383265303332633637653930383064333965373438313331613331
33386634376135663438666164333132393731643365373263376665373163626539353464303663
64373132363435373134343162396133616537353532386161373637383964396231323137616332
35663030646132363832623465653862653039643731663561323636356465663561613062316238
30626465303764643164623464653263353030363162666439613561383466373161326432336438
32333437613631333730306333303139373336346661646337336530633664373633313264633766
65306438373564393065323630353535396533303831326431613832306162363433623130313630
37383838633132653634306366646466383932613361323338643962393061373732373863613065
37343063353530616562653964646231316139643861646264353439386665313863336566386165
63343331613163363966356662326665303865653661336262303163306562363362643637393864
38653535613161393530376537393233623935636533616539343737303264373639643863373130
64653863336331393638393633316537316166363338353735303432316631646563616664356661
35393836396235633865613833333866663335626232386535356134613036633661663861656331
35346338353866393432373761613232666532373632653865313565623364376236306638333434
62326635323636323833636361333134313030346433373963623436383231613166393562396363
63313639326431623238646165633533623136613238376531616463646238303265623563343032
36323239353137653434393163616666313238383932306233333739613361376436383562326464
30306438613034303662643236663631613035303233396335643263633034653561353632383365
66383530323366336135343331396337616139356266333432613632363362346366666139323962
64353637633365303436333038633436353733623338386438613330376263656162396665346338
33343934656233653231383632376633663732363061303439643234336538316661613032366534
31643434376434383765306165373861393135323764363031376435313261326238643836636337
65356636336535336439323036333532616632313033646434386130346232613736373436646632
33386633646261343836353730363161383133666636353431393839333038396539633063326237
37353430326463386434386635343733336136626332346364316533336139616633663564346661
30373035353363663438303066633633633336616233363862363932303162376164313563656363
61303332303537653463363438623031303866326466616233663532653230353463366264346366
38623964616237646138623531376536636338653533346231313461326339316665383939643463
35343266333132356639626530313762313733323761333564303939623539653632383731633331
61633034653631303766316662613736646638303831353263636531663838383364626361313965
34613066393163343533303061306139626465313333356165313730326631663138653962383736
31343932323735613030313536376339346634303064333030316265663465383734396165643462
30643665343463643664313434646261393961376632303865393933323532366530333030353463
38643661303330663965396139326533303630646630363634323835623232303637393030646337
35313966613764323139636430333065633866373262326630323163343734326330323338373738
61353239393265393962653061666565326235346435613662383237323839643361653937326333
35323739323334653065643865333263346465373266326161316333303061363933333730366262
66613634383839656133353230643836636266396166333532383338333862653732306462666232
65396238336361366461383366343564323366346139356533373731653462346565666535353162
31326435623134656439396461303833636538636664316164343435633465323637363438383636
32313637313734313238383964633966306666383639393139313435303031356461323137313961
31333738613131626337313861356333323265623363636632373734623461376235356332303361
38373938633162353531356437666164303231616131363133653866373361353838386430653464
66313166623464383738356135376331663132316237316238613233626435653261633937343435
66316235353463346464653338613464643737333630383665326331633633666664616236333765
37333034313264366162363965623963663664633431383962663465303763316630623966366362
66623132666231653463393039653062386435386232356238356261386639336335396666353436
39306135636534643966663838613462656662343265636538613163626330663333336132363435
33303939306161323365386636356265336434633030346462343831613139333730313064373439
633234626130306365666536373934616665
