$ANSIBLE_VAULT;1.1;AES256
63633662373764306532313836363237373965383239383834353562373337326133316532356434
3061376262663365656534643233363432323938326437360a353932646431633337383436626330
35306432646363373338336331303764653130303961636439333139363636313264613338313332
6535643837626130370a333931663263383462346137663662636165636230643932623736393435
66633836616662383061623338373662623736386461353231316365663664303133666436343166
61336461356261336361623162386361343835363530366633383735653034373763653738633332
39336662656261333565623137343963326166376238636264613266616434663535313262353863
65303934396432613461663734313537623563323162623132623239353765643837623066366132
64326431666562326565343331623135346132633737346362613939636364626433306236653831
34396237356137353739306135353232303962396438663638333430383263643839383839336139
34356433663237316139613531656538303834316364653566353564646132323863343834326432
62663231323831666162303361633538336337333963346639396238336465373966346633616430
31633664623636616265353039393366626435383532383139346238643531356134313063653332
38643138646163333138326132656137333834343962623736353537353762326165343438313733
30633763623138663165633863646165623530356264306531373836656161356662616665346564
35336364383435633364346339303564613763366466313161313130663533363061353735316264
66616165373161653661656464636334663464303065396361363564373163663563626466353032
32633164633630336139343962333662333931383565303134636366363535636639633063653538
36346565393133323832643361386633643532623939343565653238356635333063393463616265
65623835643566623439626533346439646562333730613564656438363464626137643038363932
31383262613265396332363466636536303130383135363763613661656435383239343635383165
33343935303534303766303230393930626232303765383563633039356463616337383932633431
30643037666630326337356164663266363265663461363835623132656630353430653461656235
61646166313338613235393061613031363738313932623866633264623961353335333237663937
38306633303265656333613561656666623931386161643766633036306563613938373131336361
3935353761306565306433353336633339666164626433613163
