$ANSIBLE_VAULT;1.1;AES256
31323137396334306535303537666634616432326332396564363565336133656539653261393065
6465626639363831343361643639666238353731643165310a646564373539336133643139643831
61653561653033616533623363623032343835666465346630663331653562613265656636333130
3138356263336239310a646432306637346462396635376365363963386461366362643165383138
35633863376262323531363864626562396133323962336565666438663933336331643262303162
38373963396265376461663839336633393364323166373933313864633234616230343835356139
38333433633339613462363232313939396537363563616330356664656233353338646138656433
39343538306531653134636364653830333535646463623836643434373733343962313563643839
32663436346633613633386664316536353434393565313662626433306266613637626132373133
63313764653731303535343633313761313766356638393164306537633835386431646334373030
64666337376166623365613631353164353563303363663032373637656439623830316430346566
63356232646162376239376263386230663837663433356562623930646563666666393161323565
38653030646536663832653537323937333136373365623839326236633962383238306432326435
38373134633634303639653432653731373262636438646565306338623531623537633466373239
33323039373966646336613337306164396465306132366238333637643833343161386637633862
36666338396439336132353239653531396636386434363935353665666430303530373362386636
30316533313664353762643534396665383563323035396534376164366364313334633136366339
65613038396665356239303131346636326335616563353065313663663563326336636338356337
31303966313231326234326238333735383736373465336533633763376639643662343864306663
64383932663763386431393136373532616635333164656265363534666630666564663430623361
35633262333237396334363965303666333230663863366239633662386532373062323233623933
38336165336136323635303562366535353734306265653838323834323735633430343030613036
64646231393239353863646666623437653131333931333232353236623935323833333936373963
37373836653136323439373339376234373834323064646630393162623339356438366332336432
65373830303363353962633635316562353435353034663962376565616338633237383164383465
64373066626263613237613431356437643861363039376635613538613636336430346463373933
38343863616262386533333537386436623733376235303931336439343432393730663130323333
38336163633537356661
