$ANSIBLE_VAULT;1.1;AES256
33666461643365336162636133386439626436363632303339396136656563656632666664313038
3862303161346638343839333037366661326138356534320a633639376337356466366232636135
38383366313237383836353133393166336161656666333635346434303137353335616432616366
6638383662393034310a333236613938643262376238633939363439336564666534386534636234
64636262373134346335633761663137323066626531646431396561313436353162393862656666
37636565643663323932633366643661393139643964303937363366373431323032303838626131
31333063336332306463326562393934656234383537623137306431653737323663633038656661
30343561313434316630343436343162643732336434396431303262373961636566653763316237
34643735336630653662396364633862663361303035363834313232376239636433633731663730
64343263383439393538616436356465333938343635313932363839666563626631666336633262
30313631646363636433616565643536386437636637666238373837313735383766383163616530
61363162323933643661306232373766646432303266313238333434613265336436306266656363
66643032333132316333313038303361333866326331386361323863663439366666336366323932
32663034303965383031353063653465333236653539626630636666356634626331653830373063
66376639376434666631346233376163386139653135336465356566323538323837393330326432
34316638303663313730663336636564623737353761393430383635376537623530623963353833
66396565326639323937373166356531613266366638613638363939653232633138313636656664
66333431653032653166323130616636613039383234346136636437343565353331363235626239
65336539613931373465343162326364663762633639303635303432393136363032363066373531
35633965663666363463323964623432366339613433373434616134316538343464333761396334
36613265333963366433303532376661303837656262383037353731336635313437396165326335
35366465626439356637313837353531633435653361356437323163323230613233643264626131
31323664363266366466353034316265303161353230393534333330343963393034643036646137
39376133313966663761323738363065333936373733316562353062323164636435313633383736
65646537623832366430666532626233353331623330333864323462626562346535393737313035
30333261363230336663613937396565663439313866616264333262616432336238623663313737
61343337366637306636366265316463336663356161663264386564316263366330333466616537
66366364613231396238366262613039653939313962646439333538376233646562663133323764
65326639656432346439656166356535626563613562366432393032623031383530
