$ANSIBLE_VAULT;1.1;AES256
66663566366635376639633439333766336436653630323132343563303030366637303239656231
3333323332633835373031383830353636636462343462620a313462656539366464656330653862
35366164303933363139636664336333353133373661393634636363643062343336376364303063
3062636334333466640a326633363262386530336234333432313036636166313238313939323936
62386563306133613634376138353762313162336533313331646630306136616465316534353463
37326164376166313332613762633939663961356562663262396537623532326261366130663134
34636565613064386363383861616361333261643161333232353932363037333364656333313638
32636166383238346565663034353634323630323061323964326561616438646461373136393037
61636437316231636133636161353331366331323161383164393737393235366462626638306531
35356566383033663330666132396237313732623033373333663564343562393132666235343661
65616339346636643833323465613939383936393335353137633533376134616361323161386436
64306433363639373537313538383537633566393834646262626266363638386436643462303530
63623239326435303633303761313963346362383563346132636133613864646336616635346566
33613630323166356434656263323061323236623666313163613232646130373666346665376639
65343132326136656331613134363061396663636231343864626466356165396431623037396133
64656162626637373736663737333833623832376536373239333234626562653261623935633236
34326232393738343762356436633831356333343964343765323233633964616334646435353963
36373137636266343365316531363863643939353533633163393063323339613034343962313631
39643863636263353061623261646239346564323061616439626265343838643164643032393437
33663439636162666635393031663238666136633634353938383464313764393036623639376538
31336635643733333263396530383832306133656533663130623265373062353830323736616137
30323834323135313637666339303038306434343363356562653164333461316461346630323566
33633930646233636263386163303931326535373962336562393535383262386139373439326237
36353734663334666539
