$ANSIBLE_VAULT;1.1;AES256
38383363623564363663386437623130643336316139656132636634306436303337653062373764
3263633764393534623663363466653038313233376435310a366434383738623036313332613338
35356133626630613033623862343639353533323563323236643834306663306535396636316566
3262333336633037660a386264323330646535663038373830643536316466653534363632303538
35383630393736333366666434363635306365313562623939333132646430343931653931393839
64336436306535366339643166653234343836623666666332643065333036333661323436383735
35616561333737373566333935616132353061363135313066333865363838346236666365313838
33333636373937356333313834306232316162396565653938343733653666376533326435633032
36333130313932633265663139646339326639636464363632303163326635613463333862323531
32396630303233323865326539623161323866386662336136616139636630396366663565306535
31326633653738363865666630333730376339306534356463633636346262633938616330633866
39393231663039326235363437316263303730613433613563393664663764643663363035656631
30326538396235343130616232356264396362633734656565313266613135653366653532393332
63383463356230313132633862383237623063326463356333633438333137333066313234633633
39623433333539653532383536653763643331653261646134353163613830316533653334643066
62623864393865643439313165653732663433303933616331303361393430343637393838343033
38663139393666643863663235346630333465623164373262323830656262383762663739613937
33623136643166613439393636353731316464396166653064353434393161626539393661306663
31323063323138616365393039653261386666666531616339646534656261383530373065323936
63663533623038663366316633353165653739383831346264373932663131623765326162313830
64326365373765613161663465623364663939356235636233306331336266666136616165343039
39393765373766363264383639326436623063633939623464666432393463303437303766613763
64626234643032316432336563336237653832636465343563313838663535376663666666626662
64376662376263393762333561633438316433366434313036643063623733663330303639626364
63653236303763323930356331613431356536643339386264633933383635626637323732346366
63383834643063623434316464636565376633326234393731663637336161356632393435613939
31343061633263383663303730633631346635383637643666653039383337313934336565343132
64663565326230636133323839303965396661383737613366303838373533386533373433613032
64383531313835386432393131313131383361363533663565323630626261393266643138663331
36616636343731393561356231633562316162373032656534353538333866343266323833636462
61323665306363363864336231353263663836396332393339363232393266313131333561646462
38633434333535306437316165633865356462333662333030323862323338336561663532353231
31326236376330336463656166636332363934663732373231313430323264643934633563353439
32393832343938653735353565353830643263643337616564336266643739633562326361383833
34376530653732356137323364343935323437633366376436323935333566623234376461346431
65356435646365643135623563373266666538346230666663393863313433663832613564363231
33376130306334353964306236623934363339396465633564666562393465626239626532313835
64396434316433373662343833346532353735626264303065313636363933306362656633353664
62623566326264646634373739313564633765353365306630613339326566303533636432303534
35353336323365643132
