$ANSIBLE_VAULT;1.1;AES256
35613831623662393730363261336464643361386532323365363665643064323936303638303333
3133626536393238666237383336646534663437343962340a643837346462316231653930373262
36616634323036303736373238626639313565323066646437633230393639666638633730333765
3962336635366536350a653562356332346638643566646232663163356232636330316138343061
61666230353832343736376666353264333931366232346438383164326563623635646661623761
33633634353538623430643434336361353230316531346335633166336234643961363331386639
32643537313039376266633964383136663139316439646262653364623061666137393938316439
66363334326462376231616364356561383334373466366166613535313336373366663836353038
62383731396263643035646463396235633038643166656338666165376533383862396535626339
39636236363066376532386430376434396163326435633739653032643939653537346165623436
37306434323934353036656662666165653331613763613430383130663333346630373966373738
62383163623135343866396564303034313930333837303230383733353434613931316466363266
63626262373562396430303064366366373136613062333537653763326233336162313430366336
38303164613839306433666532393637623933396166623031643136313863393163373831633566
36316330393932303833323336373262643137396533643137393939353865346536363838343361
65363237646338396466613262376231386233336138383633363930366535663061373535663635
32313465363436316331616161383733643732613239333139373866333266376639303464656331
33333833653762353863663837353465346465356338663864633965633236303662643334306234
36343265393836366630346534663763666365636164393163333662373233336566313235393065
32363830383337343437386163663932663066333935666338303365663934646161656433386663
38386366333963636433653161376437333564363836336565633439653266306632323635393137
66666235343562633563363837316365346232396365336566356634386366316632323062353433
64386331623264393863313466393630353436383065346665326339613663376137633539626366
62343063623636663465653037353832366435616364326162656630326439383739383361623734
34306666623335303532653931306661303762626432643932313062616436653664333564656635
33623435616133663264643966663236653863626337396539393035316365326262666463626133
35363164386438643139316563366136373962363636653532386264666338636334323161383434
65616563343637316633
