$ANSIBLE_VAULT;1.1;AES256
62343233306261383362613365373437616531313763656436316432396465333161346664373139
3039326132353736636532653162383635303062646635640a383766653961336661333237613837
31653233353263633131353465316238346663646364366265306232326562323161366233633238
3630623164633966390a363833396331383539336239363364373038653637666138393639333538
36393235386339653461306433336330653439643934326264633438623661393766353033383436
36376337363931663563373163303962663538396638663030646565383164316666303362643461
65646161666338386539313132666538373830303839626164323136663961663531343835653239
63356531636237333764326464353362613133343439666633356635363639663033626337613136
39316237396539303337636235303330366262323239306337376233663066633866306635343833
30336637303837343835633738656265346162343437343633656661343439363639626437613166
36336335343133386564343665366138366631336534316162353738393031333866643064376231
31393533383335313161386439363135326565613763656637613831336465393430613364613633
65316461366562376233613332636261383535356339303135356337623464373064366530626330
34653961383331333761366430653666303265656636333464336639613733393637393432366432
36653635363565663931333766383564343832306365343766396236613565353830653566316235
61303035373464636539616662346537306266633239313638626465313735343266373738366266
64333633613536396130363930313733646534346163626135313062373565653434646134333665
32313233346164336432363564376364653134326366386531616162616437316339323637323931
39653165306462323464326662316166646461343232306237666434663237373063373835313637
31333437343832613165663564303939346434326139323030393735653731373238336538333230
31396533353833316166313565363135653630616130306133333662373738613035616362316262
61636434653034656533333832396664626665666534633036393763623739383162663233353935
33393131636339376162643065363566373636343062656637353365636634363537333065643132
31623136633330626531393530383839343362633938376463326432313761653262323565363332
32313130646234326565326633303533366335353530663366383230363162616131613839353164
35303733316632613562373563643930613162643539646239366563346136306136333366656438
62623636663531316630626663376236333535663966326534636663613235653132346661393361
63613666363736366336303961626661613337653765346461643464326363636465383534613865
33353662623261663166346535303061613130376665616433393266623966636666313131373762
32366466663333336564363462323835616335343030303037636564393136646333613265646631
62656532383938396132356235636133626630366530306666383566333632616531376435613934
30343134633931643562386136663430623538653566356164663439623131643965656338656133
66656634643730306433316430613763363666313362326431343337353961613965633837386233
33626262336238356634353961636533383362356236366531366537393261343561623335633038
61366531383262636532653033306238343432356563363032353339633935653166366563373737
65323561303266386364336463643464313736396166613866383266313731303530326435663764
65313332386661393137626462336637656336613637666436323730313930373165316465633862
30656138306163356132616562653766663939396233633665636134616162373438336164613239
61346635393336353336393930306334343031323433366266633734613739313830616165343836
31363761383266313665396365376630653532666663343961363861383735643239393366333265
38353762643265356266353463353937306662623331326232616263616630303638393531366234
66323763356137663736646135636462383338363331346237623632356166356632613765393732
63646366626363343263393035303933316261663032326130613339373930336133373536623230
36623632363335323330323234393235653163346139326365626131663863393033616562383561
31653532353866386262623165636636383462396333376665613632356466313234353336343633
61373137393132393831663138613633666664666332663038633438623064623266326161323536
63316235613538313137356239613962656534306637393432333633663734636632363335646630
39653230346362663130643533386163316131306163313431366239643530383365386562336531
30326435383439306134383131626639633963303262643365666561316138376362323332366435
36386439323438666234616335343863346436613262313132633037666637343139623037633639
35343736663361633663396334643262393363333364613630313564306231346639633531373066
36376431373363303734363663376462393862623338383835626466303162616165316630303130
66313665313534376634626337643137373464326266373332376434386461653836336633393636
66353361656531633866373037396335326233646530316630313231383938653832663432616539
66633530623033623738623865663136656232636231626439353639643631316233343935613530
32323839326339333466346138313537303161346536663066616431393861666134316166383132
36316265396635353834303461646662656633613434303066623631323739313739366531373332
39666239373763663939383466313534663435353765323938303865346432656534353662653163
33393665366130373731643964636630636664363663633364646261343136366566323766316434
35373763373761616532383165393563316630663064636164373530343936613333643032326266
30366464353965663263333234613231656461326130326532646665633765396265303531333834
36323236393666303565323432643335616135643966623430663937666135646633613536333039
34373063393030633636363332383430633434636231623833343532636233643238313631303235
38333762653636646465333635666233366664393266303731663637313333626530303066303630
30666562313539303335383235626666613361316239663364373731663538376539353964343631
36313133393338313238613239613866366331616230363434313361666430316664653266393031
65353466343532333936366530623533613633316432306337626539643831323435383034656233
62616132343334363737376234396161313935626664373436353834383465383539663662303135
38376237396134373264333737316235346264396438626262383733613030386233623436363466
30653830383066363830626333353063333538613435323639663438313939623739633162313931
63313037303738383035636431353265666132353639616134663662373065306461316432616564
38613563633539343533313937323361623937653866353339646464393533633131333033633036
35316630386330376138373236343231623935343664643232336364393139303364303366343962
66303562366461616534623834633636633138383834656234313161623763346366353163333036
63363634343638313530643936383332333764393532376265343761373537626162323264353934
38373232333139656239386636333133616136646663326339343561613732656435323961666534
31336661316139373864663937303437663533633630306364646163623263316534613932363932
61326333363733396331666339363763393364666566333065363137373137373436653838323139
66663863373861376462376362316535386563326439633536326363306438376233633161653532
65383436383164613130376435633233646363393231316234393934633766653664666635663334
32346361616462366237633365383762306437633365613433346238303534616232363763366631
66646431386266323031666632636239323039333061633365653761653032363463373230376432
33316463666666303862656331306665666462333332386361613838613862393663303365616635
35316537616163643030356432386538633430633666353433356236346135343963366135616132
30663766363732613032366664396437323930333964336232366633336533653066626163323562
34613639313463663832346432623835656138626361396561386134323131343062313962316364
32626333366631663963306632623331393334383862356432366230343163616234396635306530
30653533353438636531343337356563306334623837613536623330313831666265366265336661
36656333376166616534366364393338643765623237356365343439306339346637653038303435
39373162356262303963303161626563656462656335666462343135383131336661663439633366
66313662366538643565613739636161653234656533613038663562366165616463366330643537
35323532666364343562366563313039613761323936383966386262323334326139396366633338
31343231643161323333336234623230663566613738316561323337616339626130363939653537
61653939356637326663613364623434653465343034616464376330636235653337326562656661
35376234373335373236643630656639393066613238363765386137366165633665353430623262
64346263383333313365656139376566633239646531356638396637343430663130326335663833
64376339306162646536623931633738323738323732636462346236386130656534666336633534
64356366623437356562643839626664636234326565623938306538306563663634626434636262
30653232373436386634303432333530336365346166363332653435316534323765643664356330
66323363623665386661386433623063386631333661356266633964646139353733363830373663
33326132356139333364613766646135636331653434373839383733383762326338363935663565
39373465616464636430616261386666356461393239393138343738353039613934633839316530
61613030316234623537663431616665326461376634306638303233393031366533626131636533
32353932613237323430653461393662653863313066656265323962376433613735353538363938
65303262643837656464633032353631313539633264323661656366306165633039303366346462
33663135333562613462666565663139653332663835363533363332303130666539626339306164
36623936646331623665626164653163333630653362333931646439653933333833326262616638
34396136633434376333376238653066633332633936336363346131613763343762616439343465
61333062396331323763386333613665663737333932333262343061353733656461343738333033
34393063663433363031393235393233656432353132373833646464376239363362663738623631
38666133363731656638643232383339303334663234656636356639363464333133333131663866
65376230356334343434366437626234306263366136383435643835636534383735646435363336
32616536386632643737393533643432646231653434336265343538623338613133383465363030
31333466653330663135393063353436323061363532393039363631646238336339313361633763
62323363653263333233383533656561653432656363633061393463326334393462663638346439
37306365666666316166623233396631303530353163346230336166393663663330653232663631
35366233356235613733333937303735303334313664666538636363643133623331303534636361
30666665376538613466623639343563373962666539393333363564363238313063336134313037
37646538643264326131326635656139653130386263623661363937656237396636313536363135
37623266653733333732313633356639356264373632353038626231666566303532613835646333
34383166353361626337643038613061663938323238643737353665303630373338366337393339
64393264313431643031343162616461353066356462313766376432386265386161313831303038
66613639303734333061383632646534633161386431646430626535636236393062373263313764
64626431663638353263626435653339613835366264613264646662363263353935656331366362
37663332623834366534313163666164643963353066396264643933623362393537653338303032
66613334653631333731306563356466666463353766643638653131386337333132663233373661
33343763303162333938373134323638626266383339363765396638646431613339313231306232
33353130613032646530393630653930313138633438636435393730343533633138343766303335
66643662353761653166653436313436356661376432633531663462663132333764313966393535
66656430633237333865373763333634336331303931363833343938623936663864613730656338
62613566633766656230323235306232323632353065396233353731376366353865636261376131
34356365643631636437
