$ANSIBLE_VAULT;1.1;AES256
35626365653031333862653530353730373231646132373062383561653737396431616232386431
6534313661663063643066383063613234313130646163640a353338663231356266363331303862
36656661343666303034353765373664636365303939666536306562313731323064306164646133
3535373334613732300a613535303063316331613136333163323962386566326235623732396633
61353633313538623133363766386237656266656638313039656434343233616339363337626539
35626131366639373733613065633065393833656330663063313332666430636238303135646530
34616261376537666635636132353437323262393030646335316535663137303738316231323331
64326266386435363030326463383337653463353061643161303235363134343934613530363233
30333335633035616365366265623438653030646535623862353235633865633633383437363633
34373362613564323861303234323035363932363337306363366132653434363031393039333736
37636133373234373765343937633039333837323534313039363730663038633766386562323961
37343637636433646237643337633934623131623265623133663135303566313461653564336364
32356537386465343663353832653537656664626665616664326462346162613631653663306162
36623634353035346130316365643739333666383831363832303264303834353632393535353364
65336638313631643364663330376365646161636564646235336364356261613934303463663262
65303138626466376262346566626465643966383465663332363234393033646466393265316366
63653163316564646364386666323433386432343262306234343833343063396564316265333763
61663338643839623339633537306535346162383761633536643133356436613033656535393663
34303066646633356436666133616461396234643336383432326638346562623233356234663636
36336139633463653637396661623162633933373734383635633330613436613363663166616134
66383861626238363365336438323963646634343766306564656137663332353366373636383035
38393761653133303862313131343537636337616335386531626265636564366564346530643361
35343837356364336365303334356563356333383437353762646438303866373962383931613133
33363561346463363962356134626632346462626334396439363137316138633734383533396264
66356330633364356134343530336335643164363431363466646431396234316163303731323738
6339326633613664373864643162356237616335326530623137
