$ANSIBLE_VAULT;1.1;AES256
61623961366661646365323836396333623137366338666365633166396564636430333932333635
6530303361313333643139646139393730356164623962300a313132313461353166636364643966
36616534376438353133346262356235626565656565363461663166313065326261303837323432
3733666438353364320a393136663566353039623132396133393432656530323163373231653863
32376630623464666566346366633935353932613237326462373762616130376637653035643235
62646331363665393464623639653438653031313532613738653931316634656662626664333564
36613032616666646235666638616431653638373436343466353131373735346364376338643030
36356563373661636535303764656536623235313366336532313231343161393333313031383266
34613461633231373338303266613635366630343839396235346432376534626261633463653138
35613133356131616261663235656634333637303636333936353637363161616663623232643139
62313135623463663564663537303431336338316162346338616633343637316335326438656330
32336338633631326264636533356666383937633339663532663661393262663265646139306463
66356231353036646633333637663431373163376539363565343637326139303766323861303539
32363162393638316364393066383032666662623361633333333632336237646434663862633732
62356363336335616465373834333735623864396162336265313138313661303463626162303531
63353062646435313336646337326162353366363236626634306662646265613537343661366264
65663031356236373964643136656432663539653930643266363930366332623063626432383862
30616632353762366662666537646232346535393631313761393733393635613931393632383433
63386165346563373263646131626439626238666531663763623030336236376539306632393835
62393232396263633035333761653730643366626261666332396565613532353062626363626633
38643430346366363232623263646434373961336166383933343939346564376566396363353763
37333861316465353361333039656232353032643237613336663866333333353466303464643564
64666234393734376662646637663965663166316531346361386334633730666239396236613532
65306432653461636230363961663533376136666663383731653539333234643461623461363466
36623034313539656432343739663334323762303363376665653538636338323735306534323137
3334373062373866363561643461653063356363373035346232
