$ANSIBLE_VAULT;1.1;AES256
34623335656332623335366337663830656463333836316236653039323761636661613039353562
3233633165326565393437613033623964316633373961630a333033636461666536363461373739
37383661386638333339333162616438356133616462633561366530333033373565383334346532
6238336464303562310a386336376538636665386462316361643065656235313363356633363837
66303734366264396337643361383137343935313363613738333733646134373766666139616562
37666363396636613762356662646334363163326133326234663465356266366433653765613032
38636365333533313562323633396364656463636432646633343331306363333362633533336438
65626436613731656161663566366634623539343634323630323966313636636265636137623662
33346132666566376232303564393461383734373031663263353663333930643865666132373338
35393636383565623934306562663337343739656634303238303836653662333632396436363030
32643763636631383766366366636537323937316233386436346531326434356565356636353866
33336236373566313534633766393035306365616562653364656633386138353066306465356535
3935
